0
0
0
0
0
2
0
3
1
0
3
0
3
3
3
3
3
3
3
4
4
4
3
4
4
4
4
7
7
7
4
7
7
3
7
7
7
7
7
7
7
7
8
7
7
7
8
8
9
8
8
8
8
11
11
11
11
12
11
11
11
11
11
12
12
12
12
14
15
12
12
15
15
15
15
12
15
15
13
15
15
15
15
15
16
16
16
15
15
15
19
16
19
19
19
19
19
18
20
19
19
19
19
19
19
20
19
19
20
20
20
20
23
23
23
23
23
23
20
20
23
24
23
23
23
24
23
23
24
24
24
24
24
24
24
27
27
24
24
24
27
27
27
27
27
28
27
28
27
27
28
28
27
28
28
31
28
28
28
31
28
31
31
28
31
31
31
31
31
31
31
31
31
32
31
32
32
32
32
31
32
31
31
33
31
35
33
35
35
35
35
35
35
35
35
35
35
36
36
36
36
36
36
36
36
36
37
39
39
36
36
38
37
39
39
39
40
39
40
39
40
40
42
40
40
40
41
41
40
41
44
42
43
43
41
43
43
44
43
44
43
44
43
43
44
43
44
44
44
44
44
47
45
44
47
47
47
47
47
47
47
47
47
47
47
47
47
48
48
48
48
48
48
48
48
48
50
51
48
51
51
48
51
51
51
49
51
51
51
51
52
51
52
52
52
52
51
52
52
52
52
53
52
55
55
55
55
54
56
53
56
55
55
55
55
55
55
55
55
56
56
56
56
56
56
58
57
57
58
56
56
56
59
59
57
59
59
59
59
60
60
60
60
60
59
60
60
60
60
60
60
60
60
60
60
63
62
63
63
63
60
62
62
63
63
63
63
63
63
63
63
63
63
63
63
64
63
63
63
64
63
63
66
67
67
67
67
67
67
67
65
67
67
67
68
68
67
67
67
68
67
68
67
68
68
68
68
70
68
71
70
71
68
70
68
68
71
71
71
71
68
71
71
71
72
71
72
72
72
71
71
72
71
71
72
74
72
72
75
72
72
75
75
75
72
75
75
75
74
75
75
75
75
76
76
76
75
75
76
76
76
76
76
76
79
76
78
79
79
79
76
79
76
79
79
78
79
79
79
79
79
80
79
80
79
80
79
79
80
80
80
79
80
80
81
82
81
83
81
80
83
80
83
83
83
83
83
83
83
84
84
84
84
83
83
83
83
83
84
84
84
84
84
84
86
84
86
84
87
87
87
87
84
87
87
87
88
87
87
87
87
88
87
88
88
88
87
88
88
88
88
88
88
88
88
91
88
91
91
90
89
91
88
91
88
91
88
91
91
91
91
91
92
91
92
92
91
92
92
92
91
92
92
92
92
92
95
95
92
95
92
96
95
94
95
95
96
95
95
95
96
96
95
96
96
96
96
96
96
96
96
96
96
96
96
96
96
96
96
97
98
96
96
99
96
99
99
99
99
99
99
99
100
99
99
100
100
99
99
100
99
99
99
100
100
99
100
100
100
101
102
102
100
103
103
103
102
100
100
103
101
103
103
100
103
103
103
103
103
103
104
104
104
103
103
104
104
104
104
104
104
104
104
106
104
106
105
105
106
104
107
105
105
107
107
107
107
107
107
107
107
107
108
105
108
107
107
107
107
108
108
108
107
108
108
108
108
108
108
108
108
109
111
111
112
111
111
111
111
111
112
111
111
111
111
111
112
112
111
112
112
112
112
112
112
112
112
112
114
112
112
112
112
112
112
112
115
115
112
112
115
115
115
115
112
112
115
115
113
115
115
115
115
116
115
115
115
115
116
115
115
116
116
116
116
116
116
115
115
116
116
116
117
116
115
119
117
116
116
119
116
119
119
116
118
117
116
118
116
119
119
119
119
119
119
119
120
120
119
120
119
119
120
120
120
120
119
120
120
120
122
120
120
120
120
120
123
120
123
123
123
123
123
123
123
123
123
123
123
124
124
123
123
123
124
124
124
123
124
123
124
123
124
123
124
123
124
124
124
124
124
127
125
124
124
124
124
124
127
127
127
124
127
126
127
127
124
128
127
127
127
127
127
127
128
127
127
127
128
128
128
127
128
128
128
127
128
127
128
128
128
128
128
128
128
128
130
131
128
128
131
131
131
131
128
129
128
131
131
131
131
129
131
131
132
131
132
131
132
132
131
131
131
131
131
132
132
132
132
131
132
132
132
132
134
132
135
135
133
134
135
135
135
135
134
135
135
133
134
135
135
135
134
132
135
135
135
135
135
135
135
135
135
135
135
136
136
136
136
136
136
136
135
136
136
136
136
136
136
136
136
137
139
136
139
136
136
136
139
136
139
139
139
139
137
139
139
139
139
139
139
140
140
139
139
140
139
139
140
140
140
140
139
140
140
139
140
140
140
140
140
139
140
140
140
140
140
140
140
141
140
142
143
141
140
143
143
142
142
143
140
143
143
140
143
143
143
143
143
143
143
144
143
143
143
143
143
144
144
144
144
143
144
143
144
144
144
143
144
144
147
144
143
147
146
144
144
145
144
147
147
147
144
144
147
147
144
144
147
146
147
147
147
147
147
147
147
147
147
147
148
147
147
147
148
147
147
147
147
148
148
148
148
148
147
147
148
148
148
148
148
148
148
148
148
151
150
148
149
151
151
148
148
151
151
148
151
151
151
151
151
151
151
151
151
152
151
151
152
152
152
151
151
151
151
151
152
151
151
152
151
151
151
152
151
152
152
152
152
152
152
152
152
152
152
152
152
154
152
152
153
152
154
155
155
155
155
155
155
155
155
155
155
155
155
155
155
155
155
156
155
155
156
155
156
155
156
156
156
156
155
156
156
156
156
156
156
156
156
156
159
158
156
156
157
156
156
156
156
158
156
156
156
156
159
156
156
159
159
157
159
159
159
159
158
156
158
157
159
158
159
159
159
159
159
159
159
159
159
159
159
159
159
159
160
160
160
159
160
159
160
160
160
159
159
160
160
159
159
160
159
160
160
159
162
160
159
160
160
160
161
163
162
163
163
160
160
163
160
163
160
162
162
162
163
163
163
163
163
163
163
163
163
163
163
163
163
163
164
164
164
164
163
164
163
164
164
164
163
164
163
164
164
163
164
164
164
164
165
165
164
164
164
166
166
164
166
164
165
167
164
165
167
164
167
167
167
167
164
167
165
164
166
164
167
167
167
167
167
167
167
167
167
167
167
167
168
167
167
168
168
167
168
168
167
168
167
167
168
168
168
168
168
168
167
167
168
168
168
168
168
168
167
171
171
168
169
168
168
168
168
168
171
171
168
169
168
171
171
168
168
168
171
171
171
171
171
170
169
171
169
171
171
172
171
172
171
171
171
171
172
171
172
171
171
172
172
172
171
172
171
172
171
171
172
172
171
172
172
172
172
172
172
172
172
172
173
173
172
172
172
172
175
175
172
172
175
172
175
175
172
174
174
172
172
175
172
172
175
175
172
175
174
174
175
175
176
175
175
176
176
175
175
176
176
175
176
175
176
175
176
176
176
175
176
176
175
176
176
176
176
176
176
176
176
176
176
176
176
176
176
176
176
177
176
176
176
176
176
176
179
176
178
176
176
178
178
176
176
177
176
179
177
179
179
176
179
179
179
176
179
179
179
179
177
179
179
179
179
180
179
179
179
179
179
179
180
179
179
179
179
179
180
179
179
179
180
180
179
179
179
180
179
180
180
180
179
180
180
180
180
180
180
183
183
180
180
183
180
181
183
180
181
182
180
183
183
183
182
183
180
180
180
183
183
181
180
182
183
183
180
183
181
183
183
183
183
183
183
183
184
184
183
183
183
184
183
184
183
184
183
183
183
184
183
184
184
183
184
184
184
184
183
183
184
184
184
184
184
184
184
184
184
183
183
184
184
184
184
184
184
184
187
186
184
187
184
187
187
184
187
185
187
187
186
187
184
184
186
184
187
184
187
186
186
187
187
184
187
187
187
185
186
187
187
187
186
187
187
187
188
188
187
187
187
188
187
188
188
188
188
187
187
187
187
188
187
188
188
188
187
188
188
187
188
188
188
188
187
187
188
188
187
188
188
188
188
188
188
188
188
188
188
189
191
188
188
190
188
188
188
188
188
188
188
188
191
192
192
191
188
191
192
191
192
188
192
190
188
192
192
192
192
189
192
192
189
192
192
192
192
191
192
192
192
192
192
192
191
192
189
192
192
192
192
192
192
192
192
192
192
192
192
192
192
192
192
192
192
192
192
192
192
192
192
192
192
192
192
192
192
192
192
192
192
195
192
192
192
192
192
192
192
192
192
195
195
192
195
195
195
195
195
192
195
195
192
195
195
195
195
195
195
195
195
195
195
195
195
192
195
192
195
195
195
195
195
195
193
196
193
195
195
195
195
195
195
195
195
195
195
195
196
195
195
196
195
196
196
196
196
196
196
195
196
196
196
196
195
195
195
195
196
196
196
196
196
196
196
195
196
196
196
196
196
195
196
196
195
196
196
196
196
195
197
199
196
196
197
196
199
196
196
196
195
197
199
196
196
197
199
196
199
199
198
199
196
199
199
196
196
196
196
199
199
199
196
196
199
199
197
199
199
199
196
199
197
197
198
198
199
198
198
199
199
199
200
199
199
199
199
199
200
199
199
199
200
200
199
199
200
199
199
200
200
199
200
199
199
200
199
199
199
199
200
200
200
200
199
199
200
199
200
199
199
200
200
200
200
200
200
200
200
200
199
200
201
200
200
200
200
200
201
200
203
200
203
200
201
200
201
200
202
203
203
201
200
200
203
203
203
203
203
203
203
201
203
203
203
200
202
203
202
203
203
203
203
203
203
203
203
203
203
203
203
204
203
204
203
203
204
203
203
203
203
203
203
204
204
203
203
203
204
204
204
203
203
204
203
204
204
204
203
204
203
203
204
204
204
204
204
203
204
204
204
204
204
204
204
204
204
204
204
204
204
204
204
204
204
204
206
205
204
205
205
204
205
205
204
205
207
207
204
204
205
206
204
206
205
204
207
205
204
204
204
205
207
207
207
204
207
207
207
207
207
205
204
207
207
206
207
206
207
204
207
207
207
204
204
207
207
205
204
207
206
207
206
207
207
207
207
207
207
207
207
207
207
207
207
207
207
207
207
207
208
207
207
208
207
208
208
207
207
207
207
207
207
208
208
207
208
207
208
207
207
207
208
207
207
207
207
208
207
207
207
208
208
207
208
208
208
207
208
207
208
208
208
208
208
207
207
208
208
208
208
208
208
208
208
208
211
209
210
208
209
208
211
209
208
208
208
210
211
208
211
208
208
211
210
211
211
208
209
209
208
208
208
211
211
211
211
209
211
209
211
211
211
211
211
208
211
211
208
211
211
211
211
211
210
211
209
211
211
211
211
211
211
209
211
211
211
212
211
211
211
211
212
211
211
212
211
212
211
211
211
211
211
211
212
211
212
211
211
211
211
211
211
212
211
211
212
211
211
212
212
212
212
212
212
211
211
211
212
212
212
211
212
212
212
212
212
212
212
211
212
212
212
212
212
212
212
212
212
212
211
212
215
214
212
212
212
211
212
214
212
212
212
215
214
212
212
214
212
214
212
215
212
212
214
213
213
212
215
212
214
215
215
215
215
215
212
215
212
212
215
212
215
213
212
212
215
212
215
214
215
212
215
215
215
215
215
215
215
213
215
215
215
215
215
215
215
215
215
215
216
215
216
215
215
215
215
215
216
215
216
215
215
216
216
216
215
216
215
216
216
215
215
216
215
215
215
215
215
216
215
216
216
215
216
215
215
216
215
215
216
215
216
215
216
216
216
215
215
215
216
216
216
216
216
216
216
215
216
216
215
216
216
216
207
216
216
216
216
216
216
217
216
216
216
216
216
216
216
216
216
216
218
217
216
216
219
216
216
216
216
219
218
216
219
216
216
219
217
217
217
218
218
216
216
217
219
216
216
217
216
220
216
219
219
216
217
217
216
218
216
220
219
219
216
219
219
216
219
219
217
216
219
216
219
219
219
217
219
216
219
219
220
219
219
219
216
219
218
219
220
217
217
219
219
219
219
220
220
219
219
219
219
220
220
220
219
219
220
220
219
219
220
219
219
219
220
219
219
219
219
220
220
219
219
219
220
220
219
220
219
220
219
220
220
220
219
220
219
220
220
220
220
220
219
220
219
219
220
220
220
220
219
220
220
220
220
222
220
219
220
220
220
220
220
220
220
220
220
220
220
220
220
220
220
220
220
220
220
220
220
221
220
220
220
220
220
220
220
220
220
220
220
221
220
220
223
223
220
220
220
220
220
220
220
220
220
223
220
220
220
222
223
220
223
223
220
220
223
220
220
223
222
220
223
221
224
223
224
220
223
223
220
223
220
220
220
223
224
223
224
224
220
221
220
221
223
223
223
223
223
224
223
220
224
224
223
224
220
223
223
223
224
223
224
224
223
224
224
224
224
224
224
223
224
223
224
223
224
224
223
224
223
223
224
224
223
224
223
224
224
224
223
223
224
224
224
224
224
224
224
224
224
224
224
224
223
224
224
223
224
223
224
223
224
223
224
224
223
223
224
223
224
224
224
224
224
224
224
224
224
224
224
224
224
224
224
224
224
224
224
224
224
224
224
224
224
224
224
224
224
224
224
224
224
224
224
224
224
224
224
224
224
224
224
224
224
225
224
224
224
224
224
224
224
224
227
224
224
224
224
224
224
224
224
224
224
227
227
227
227
225
225
224
224
226
224
227
226
224
225
227
226
227
224
224
225
225
224
224
227
227
227
227
227
224
227
225
224
224
227
224
227
227
227
224
227
227
227
225
227
224
227
227
224
224
226
227
227
224
224
227
227
227
227
227
227
225
227
227
227
227
227
225
227
224
224
227
227
227
227
227
225
224
226
227
227
227
227
228
227
227
227
227
227
227
227
227
227
227
228
227
227
227
227
227
227
227
227
227
227
227
227
228
228
227
227
227
227
227
227
228
227
228
227
227
227
227
227
227
227
227
228
227
227
227
227
227
227
228
228
227
227
228
228
227
227
228
228
227
228
228
228
227
227
228
228
228
228
228
228
228
227
227
228
228
227
228
228
228
227
227
227
228
227
228
228
228
227
228
228
228
228
227
228
227
228
228
228
228
228
228
228
228
228
228
227
228
228
228
228
228
228
228
228
228
228
227
227
228
228
229
228
228
228
228
230
228
228
228
228
229
231
227
228
228
227
227
228
227
228
227
226
225
227
227
224
227
226
224
224
224
224
224
224
224
224
224
224
224
224
224
224
224
224
224
224
223
222
223
223
223
220
220
223
220
220
220
220
220
220
219
219
220
220
219
219
220
220
219
219
219
219
219
219
216
216
216
216
216
216
216
216
216
216
216
216
216
215
215
216
216
215
215
215
212
214
212
215
215
215
215
212
215
212
212
212
212
211
212
212
211
212
212
211
211
211
209
211
211
211
208
211
208
208
208
208
208
208
208
207
208
208
207
207
207
207
207
207
207
207
207
204
207
207
204
204
204
205
204
204
204
203
204
203
204
204
204
204
203
203
203
203
204
204
203
203
203
201
203
203
203
203
203
203
200
200
203
200
200
200
199
200
199
199
200
200
200
200
200
199
199
199
199
199
199
196
196
199
199
199
196
199
196
196
196
196
196
196
196
195
196
196
196
195
195
196
195
195
195
195
195
195
195
195
192
195
195
195
192
192
195
194
192
192
192
192
192
192
192
192
192
192
192
192
192
192
192
192
192
191
192
192
188
192
189
190
188
188
188
188
188
188
188
188
188
188
188
187
187
187
187
187
187
187
187
187
185
184
186
185
184
185
184
187
184
184
184
183
184
184
184
184
184
184
183
184
183
184
184
183
183
183
183
183
183
183
183
183
183
180
180
180
182
183
180
180
180
180
180
179
180
180
179
179
180
179
180
180
179
179
179
179
179
179
179
179
179
176
179
179
176
179
176
176
176
176
176
176
176
176
176
176
176
176
176
176
176
176
176
175
176
175
176
175
175
175
175
175
175
172
172
172
173
172
174
172
172
172
172
172
172
172
172
171
171
171
172
171
172
171
172
171
171
171
171
169
168
171
168
170
170
168
168
168
168
168
168
167
168
168
167
168
168
168
168
167
167
167
167
168
167
167
167
167
167
167
167
167
167
164
164
167
164
164
164
164
164
164
164
164
163
164
163
164
163
164
163
164
163
163
163
163
163
163
163
160
163
163
163
163
160
163
160
160
160
160
160
160
159
160
160
159
159
160
159
159
159
159
159
159
159
159
159
159
159
159
159
159
159
159
159
158
156
156
156
156
158
158
156
156
156
156
156
155
155
155
156
155
155
155
156
155
155
155
155
155
155
155
156
155
155
155
155
152
155
152
154
152
152
152
152
152
152
152
152
152
152
152
152
152
152
152
152
151
151
152
151
152
151
152
151
151
151
151
151
151
148
151
150
148
149
149
147
148
148
147
148
148
148
148
148
148
147
148
148
148
147
148
148
147
148
147
147
147
147
147
144
147
147
147
147
147
147
147
147
147
144
144
144
145
144
144
144
143
144
144
143
143
147
143
143
143
143
143
143
143
143
143
143
143
143
143
143
140
140
143
143
143
140
140
140
143
140
142
140
140
140
140
139
140
139
140
139
140
140
139
140
140
139
140
139
140
139
139
139
139
139
139
139
139
139
139
137
136
136
139
136
136
139
136
136
136
136
136
136
136
136
136
136
135
136
135
136
135
135
136
136
135
135
135
135
135
135
135
135
135
135
135
135
135
132
135
135
132
132
135
132
132
132
132
132
132
132
132
132
132
132
132
132
132
131
132
131
131
131
131
132
131
131
131
131
131
131
131
131
131
131
131
131
131
131
130
131
128
130
128
128
128
128
130
128
128
128
128
128
128
128
128
128
128
128
128
128
128
127
128
128
127
128
125
127
127
126
127
127
127
127
127
124
124
127
127
125
125
126
124
124
124
124
124
124
124
124
124
124
123
123
124
123
123
124
123
123
124
123
123
123
123
123
123
123
123
123
123
122
123
123
120
123
120
123
123
120
123
123
120
123
123
120
120
120
120
120
120
120
120
120
120
120
120
120
120
120
120
119
120
120
119
120
119
120
119
119
119
120
119
119
119
119
119
119
119
119
116
119
119
116
116
119
117
119
116
116
116
116
116
116
116
116
116
116
116
116
116
116
116
116
116
116
115
116
115
115
116
115
116
115
115
115
115
115
115
115
115
112
115
113
113
114
115
115
112
115
112
113
112
112
112
114
112
112
112
112
112
112
112
112
112
112
112
112
112
112
111
112
111
112
112
112
112
112
111
111
111
112
112
112
111
111
112
109
111
111
111
111
109
108
111
111
108
108
111
108
108
108
111
108
108
108
108
108
108
108
107
108
108
108
108
108
108
107
107
107
107
107
108
108
107
107
107
108
107
107
108
107
107
107
107
106
107
107
107
107
107
106
107
106
106
105
104
107
104
106
104
104
104
104
104
104
104
104
104
103
104
104
103
103
103
103
103
104
104
104
104
104
103
103
103
104
103
103
104
103
103
103
103
103
103
102
103
103
103
103
103
101
103
102
101
100
100
103
101
103
100
100
103
100
100
100
100
100
99
100
100
100
99
99
100
100
100
99
100
100
100
100
99
99
99
99
99
99
99
99
99
99
99
99
99
99
99
99
99
98
96
98
96
99
96
96
96
96
96
96
96
98
97
96
96
96
96
96
96
96
96
96
96
96
96
96
96
96
96
96
96
96
96
96
95
96
96
96
95
95
96
95
96
95
95
96
95
96
96
96
95
92
92
95
95
95
94
95
92
92
92
92
92
92
92
95
92
92
92
92
92
92
92
92
91
92
92
91
92
92
92
92
92
92
91
92
92
91
91
92
91
91
92
91
91
91
91
91
91
91
91
91
91
89
91
91
89
91
90
91
91
91
91
91
90
91
91
88
90
88
88
91
88
88
88
88
88
88
88
88
88
88
88
88
88
87
88
87
88
88
88
88
88
88
88
88
88
88
87
88
87
88
87
87
88
87
87
88
87
85
85
87
87
87
87
84
84
85
87
85
85
87
85
87
87
87
84
84
87
84
84
85
84
87
84
84
84
84
84
84
84
83
84
84
84
83
84
84
84
84
84
83
84
84
83
84
84
83
83
84
83
84
84
83
83
83
83
83
83
83
83
83
83
83
83
81
83
83
80
83
83
83
80
82
82
83
83
80
81
80
80
80
81
81
80
80
80
80
83
80
80
80
80
80
80
80
80
80
80
80
80
79
79
79
79
79
79
80
79
79
79
79
80
79
80
79
79
79
80
79
79
79
79
79
79
79
79
79
79
79
79
79
79
79
79
77
76
79
79
79
76
76
76
79
77
78
79
79
76
77
76
76
76
79
77
76
77
76
76
76
76
76
76
76
76
76
76
76
75
76
75
76
76
76
76
76
75
75
76
75
75
76
75
75
75
76
75
75
75
76
75
76
75
75
75
75
75
75
75
75
73
72
75
75
75
75
73
72
73
74
75
75
75
75
72
72
72
75
75
75
72
72
75
72
72
72
72
72
72
72
71
72
72
72
72
72
72
72
72
72
72
72
71
71
71
71
72
72
71
71
71
72
71
71
71
71
71
71
71
71
72
71
71
71
71
71
71
71
71
71
69
71
71
71
71
71
71
71
71
71
70
69
70
68
68
68
71
68
71
69
71
69
71
69
71
70
68
68
71
68
69
69
69
68
68
68
68
68
68
68
68
68
67
68
68
67
68
68
68
68
67
67
67
67
67
67
67
68
68
67
67
67
67
68
68
67
67
68
67
67
67
68
67
67
67
67
67
67
67
65
67
67
65
64
67
67
67
67
67
65
65
65
63
65
65
64
64
67
66
64
67
64
64
64
63
63
63
63
64
64
64
63
63
64
64
64
64
63
63
63
63
63
63
63
63
63
63
63
63
63
63
63
63
63
63
63
63
63
63
63
63
63
63
63
63
63
63
63
63
63
63
63
63
63
63
63
63
63
63
63
63
63
63
63
63
63
63
60
63
60
62
61
63
63
60
63
60
61
63
62
63
63
60
60
61
60
63
60
60
63
63
60
60
60
60
63
60
61
60
60
60
60
60
60
60
60
60
60
60
60
60
60
60
59
60
60
59
60
59
59
59
60
60
60
59
60
60
60
60
59
60
59
59
60
60
59
59
59
59
59
59
59
59
59
59
59
59
59
59
59
59
59
59
59
59
59
59
59
58
57
57
59
59
59
56
59
59
59
57
59
56
59
56
59
56
59
56
56
56
56
59
56
56
57
59
59
56
56
56
56
56
56
56
56
56
56
56
56
56
56
56
56
56
55
56
56
56
56
56
56
56
55
55
55
56
56
56
56
56
56
56
56
55
55
55
55
55
55
55
55
55
56
55
56
55
55
56
55
55
55
55
53
55
55
55
55
55
55
55
55
55
53
55
55
55
55
55
55
55
52
54
54
55
55
55
55
55
52
55
54
53
52
52
55
52
55
52
55
52
55
53
52
53
52
52
53
52
52
52
52
52
52
52
52
52
52
52
52
52
52
52
52
52
52
51
52
52
52
51
51
52
51
52
52
52
52
51
51
51
51
51
51
51
51
51
51
51
51
51
52
51
51
52
51
51
51
51
51
51
51
51
51
50
51
51
51
51
51
51
51
51
51
51
51
51
51
50
51
51
51
51
51
48
49
48
50
48
51
51
49
51
51
51
48
49
48
51
48
48
51
48
48
48
48
48
48
48
48
48
48
48
48
48
48
48
48
48
48
48
48
48
48
48
48
48
48
48
48
48
48
48
48
48
48
48
48
48
48
48
48
47
48
48
48
48
48
48
47
48
48
48
48
48
47
47
48
47
48
48
47
47
48
48
48
47
47
47
48
47
47
47
47
47
47
48
47
47
47
47
48
47
47
47
47
46
46
46
45
47
47
47
47
47
46
47
47
47
47
44
47
44
47
47
46
44
47
45
47
44
44
44
44
47
44
44
44
44
44
44
47
44
47
44
45
44
44
44
46
45
44
44
44
44
44
44
44
44
44
44
44
44
44
44
44
44
44
44
44
43
44
44
43
44
44
44
43
44
44
44
44
44
44
44
44
44
44
43
43
43
44
44
44
44
44
43
44
43
43
43
44
44
43
44
43
43
44
43
43
43
43
43
43
43
43
43
43
43
43
43
43
43
43
43
40
43
43
43
43
43
43
43
43
43
43
43
43
40
43
43
41
42
42
43
43
40
43
43
42
42
40
40
43
43
43
43
40
40
43
43
40
43
40
40
40
43
40
42
40
40
40
40
40
40
40
40
40
40
40
40
40
40
40
39
40
39
40
40
40
40
39
40
40
40
40
40
39
39
40
40
40
40
39
40
40
40
40
40
39
39
40
40
39
39
39
40
39
39
40
40
40
39
39
40
40
39
40
40
39
39
39
39
39
39
39
39
39
39
39
39
39
39
39
39
39
39
39
39
39
39
39
39
39
37
37
39
38
39
39
39
39
39
39
39
39
39
36
39
39
38
39
39
38
38
39
39
39
39
36
39
39
39
39
39
37
36
37
39
39
39
36
36
36
39
38
37
36
36
37
36
37
36
36
39
36
36
36
36
36
36
39
36
36
36
36
36
36
36
36
35
36
36
36
36
36
35
36
36
36
36
36
36
36
36
36
35
35
35
35
35
36
36
35
36
35
36
36
36
36
35
35
35
36
36
36
36
35
36
35
36
35
36
36
36
35
35
35
36
35
35
35
36
35
35
35
35
35
35
36
35
36
35
35
35
35
35
35
35
35
36
35
35
35
35
35
33
35
35
35
35
35
35
35
35
35
35
35
35
35
35
35
35
35
35
35
35
32
35
32
35
32
35
35
33
35
35
32
35
33
34
35
35
35
32
35
33
32
35
35
32
32
35
35
35
32
32
33
32
35
32
32
32
35
32
32
35
35
35
35
31
32
32
33
32
32
35
31
32
35
32
32
33
32
32
32
32
32
31
32
32
32
31
32
32
31
31
31
32
32
32
32
31
31
32
32
32
32
32
31
32
31
31
32
32
31
31
31
31
32
32
31
32
31
31
31
32
31
31
31
31
31
31
31
31
31
31
31
31
31
31
31
31
31
31
31
31
31
31
31
31
31
31
31
31
31
31
31
31
31
31
31
31
31
31
31
31
31
31
31
31
31
31
31
31
31
31
31
31
31
31
31
31
31
31
31
28
31
31
31
31
31
30
31
31
31
30
31
28
29
31
28
31
31
28
29
29
28
28
31
31
31
31
31
31
28
31
31
31
28
29
31
28
28
28
29
30
29
28
31
28
28
31
30
28
29
30
31
28
28
29
31
29
28
28
28
28
28
28
28
28
28
28
28
28
28
28
28
28
27
28
28
28
28
28
28
28
28
28
28
28
28
28
28
28
28
28
28
28
28
27
28
28
28
27
27
27
28
28
28
28
28
28
28
28
27
27
28
28
28
28
27
28
28
28
28
28
27
28
27
27
27
28
28
27
28
27
27
27
27
28
27
27
27
27
27
27
28
27
27
27
27
27
27
27
27
28
28
27
27
27
27
27
27
27
27
27
27
27
27
27
27
27
27
27
27
27
25
